INSERT
1000
ORDA
4171
8081
2723
7646
8466
7674
3556
805
668
9082
9866
3695
4342
1476
2282
8502
5902
3499
8924
4697
9582
8303
1540
8035
8020
9423
9450
855
4141
2897
9561
60
9897
4535
9324
7500
9577
9016
1824
608
3854
4312
1884
7434
8480
8700
7510
3097
251
6272
587
9222
1602
5311
656
2003
3712
861
1041
9795
3930
4655
4057
2209
5866
5928
8925
8616
7683
3102
8711
9174
8284
4906
1328
7438
3362
5181
2868
694
4581
7183
7305
1536
9773
4367
5612
5074
9299
8441
2073
3957
2991
6213
3166
3045
6526
5043
1642
3591
9913
5125
3338
3752
2589
8104
7786
1881
8133
6223
3307
9737
2442
8592
1819
9031
3547
5706
8427
7453
360
4587
2386
4468
135
5759
4376
1323
1636
9350
8744
3038
5160
2065
2129
7122
5395
1414
3798
5825
6825
6912
3401
6842
2121
742
3814
3654
1668
1235
5678
7274
2120
9828
2488
6201
9914
911
3903
2550
9033
7671
8809
8134
6750
5666
3194
5658
2856
7944
1267
9420
5742
718
9417
3574
7919
9619
5227
6269
5057
8845
3436
5957
4488
7763
6914
4355
2280
484
4149
4976
6692
3031
3497
1139
1573
6383
8023
1016
5964
7141
4299
9215
6906
2163
8897
1959
9546
4128
2302
4864
3403
5851
5473
4204
2096
7438
1046
2529
6994
5305
2181
6331
96
2851
8709
42
9326
6982
8908
5837
6729
2789
5028
8007
5882
6100
6427
152
6159
3090
8915
590
6168
3009
1497
6952
6082
285
6941
9804
5401
5741
8396
3244
8966
4000
9467
1842
8135
115
8691
4400
2795
5037
6048
827
9535
6496
6627
609
8822
7842
1484
2356
7031
6886
8577
4546
4840
2060
2251
4037
3644
4330
3667
6585
3926
9669
7351
507
2241
393
5988
6613
3115
172
2559
438
4387
68
3866
437
2423
3037
3546
7884
1038
1094
7037
2217
2347
5965
2888
7001
5884
6198
2608
888
3916
9406
6566
2989
9280
7355
7061
1204
2145
3735
2607
6857
5212
5021
7683
8647
6260
5845
9023
7137
2398
7680
1772
1554
208
5689
428
9015
3748
4502
6881
8072
888
9325
6788
5116
4221
9157
6214
2813
6291
6033
6792
9151
1455
4667
2115
6724
5979
5631
9768
14
3410
7097
7
6368
6437
6136
6842
5946
9987
1737
2433
4211
4022
4652
5055
8764
330
6187
625
8827
5144
6231
603
8700
4065
9679
9066
2730
9007
5340
3193
2823
9729
6524
6217
8707
8120
4451
4341
581
4309
2243
1563
354
7205
2003
162
1715
8643
6949
7476
5556
2519
3732
2761
5132
6999
8647
3776
1248
8038
6928
3322
78
5376
5223
919
6528
6742
2351
4264
8803
6555
9193
5740
5935
4768
1804
8579
2238
6378
8360
5159
6717
3706
9101
3270
7673
6388
1798
9477
5749
568
981
6907
3818
8102
1833
6590
8807
1362
820
233
2826
3470
5821
9386
9951
2053
1677
3008
4657
3462
8372
622
7839
2586
1111
6794
1041
675
647
7352
4606
5498
3392
3601
7698
1737
1335
3867
5007
8940
1006
4536
2853
7126
1550
415
9958
1935
1868
8574
1787
314
9618
7415
3465
9662
3247
7304
129
2101
414
9558
1884
6
1110
3741
5651
5326
2830
2851
2829
5228
2317
9552
6359
1453
5384
2671
8179
9146
7051
119
8401
5637
5781
4474
8773
2651
5604
2381
6899
3282
7410
6843
3182
3352
7182
7259
1067
2399
3361
1775
4442
6538
240
4516
5753
9226
4935
4981
1036
6440
8507
5263
3140
7268
8418
5157
3840
4351
5188
541
7344
8335
521
8281
7756
598
9385
2960
8633
3753
836
5224
6171
2265
7876
1796
382
2305
3927
634
9223
1629
3813
5703
7926
4795
5988
6198
5033
9576
5547
2032
4363
9304
135
9239
7766
3836
7240
1745
5247
7902
6463
225
1205
7141
8669
6444
2624
5006
5594
9524
3724
9743
2202
4531
9922
1436
7736
1378
1804
420
3863
8102
646
9318
7767
527
617
476
2830
8028
940
3559
5669
5499
9558
100
9135
726
5040
1265
1091
8542
840
7839
2803
4514
3398
4788
5045
6514
7321
2010
2365
7409
9749
4554
1375
5954
3752
5622
5236
4828
4198
9211
4737
6332
8804
1794
3250
832
1922
1531
1702
3098
5553
5386
9920
3532
4962
7941
6809
6865
1751
4868
7365
4602
4411
4786
1157
7364
2714
3331
1474
4981
992
1694
7218
3905
1674
7955
6951
5329
830
5352
9942
9268
1390
5277
4629
3365
8359
6853
527
8350
1848
614
903
4716
9499
3921
5765
7578
6518
8616
7101
6402
425
3118
409
5186
6102
6859
5979
805
9349
279
6180
260
5874
9285
3381
9828
4914
6816
8896
1414
586
3678
2543
1997
7541
777
657
6094
6318
391
647
8063
769
224
9480
2973
2240
3300
9920
5968
6908
5373
8422
8841
391
6037
8240
2538
2842
7854
7774
6387
6667
2891
4114
6525
6274
796
4574
7772
6096
7450
4419
881
4505
6388
8691
6534
6550
2747
5146
986
2986
399
6113
2793
1047
8064
2033
8621
2144
5822
9230
4489
2790
9412
9782
3791
5484
8038
9910
3585
2352
1256
8967
8048
9532
5110
1238
646
8246
6992
2621
9734
7124
8981
8572
1701
5370
3338
3358
6649
1503
297
5403
7518
2094
83
1013
7573
294
9568
709
5831
8594
209
5773
4231
1605
7352
207
9620
5870
7538
2753
4847
9576
6362
4984
1927
3388
9484
6486
5445
1190
7111
8044
2251
3231
4931
2663
5215
5537
7674
3218
5522
4024
89
5165
6540
5538
6917
8258
275
4838
6248
679
4614
9938
6145
4009
4964
3126
7916
2084
6517
7867
1460
4135
9243
7021
6362
8598
5422
3280
8831
6606
2469
1065
3266
3663
3146
7722
2642
132
6666
6314
2444
4393
3249
5909
3762
687
773
9995
2659
8047
7199
1580
4804
2003
7428
237
3948
8914
8174
4221
5089
7353
9153
3237
6175
1972
4262
9476
4887
8949
936
5874
6786
9476
8330
5975
8889
1463
7510
8093
2199
2203
9638
2153
560
281
6858
8041
